0.052
0.066
0.044
0.022
0.014
-0.074
-0.234
-0.388
-0.49
-0.396
-0.192
-0.002
0.112
0.168
0.194
0.19
0.156
0.158
0.178
0.234
0.339
0.43
0.448
0.436
0.344
0.152
-0.036
-0.146
-0.11
0.0
0.086
0.098
0.068
0.016
-0.01
-0.018
-0.07
-0.164
-0.276
-0.404
-0.398
-0.282
-0.126
0.054
0.25
0.417
0.53
0.556
0.546
0.492
0.438
0.458
0.454
0.372
0.19
-0.096
-0.372
-0.328
-0.038
0.232
0.359
0.376
0.31
0.182
0.09
0.018
-0.074
-0.16
-0.162
-0.008
0.198
0.293
0.288
0.176
0.024
-0.042
0.026
0.048
0.03
-0.07
-0.21
-0.28
-0.316
-0.338
-0.366
-0.46
-0.418
-0.234
-0.064
0.042
0.068
0.06
-0.012
0.02
0.074
0.078
0.058
-0.012
-0.068
-0.004
0.11
0.142
0.132
0.076
0.01
0.088
0.287
0.472
0.56
0.564
0.482
0.332
0.158
0.052
0.09
0.092
0.078
0.04
-0.02
-0.026
0.09
0.17
0.218
0.224
0.194
0.116
0.048
0.002
-0.026
-0.03
0.054
0.12
0.192
0.222
0.218
0.166
0.048
-0.106
-0.346
-0.576
-0.586
-0.334
-0.086
0.044
0.044
-0.132
-0.45
-0.724
-0.82
-0.636
-0.38
-0.202
-0.148
-0.152
-0.212
-0.29
-0.352
-0.368
-0.366
-0.354
-0.244
-0.07
0.162
0.379
0.556
0.664
0.728
0.74
0.7
0.554
0.364
0.182
0.024
-0.014
0.0
-0.01
-0.066
-0.126
-0.156
-0.08
0.086
0.246
0.441
0.704
0.88
0.902
0.868
0.718
0.51
0.346
0.446
0.498
0.49
0.384
0.252
0.158
0.184
0.256
0.27
0.26
0.218
0.164
0.072
-0.018
-0.072
-0.148
-0.198
-0.176
-0.142
-0.118
-0.1
-0.11
-0.244
-0.426
-0.6
-0.78
-0.884
-0.906
-0.89
-0.804
-0.642
-0.496
-0.39
-0.304
-0.264
-0.272
-0.308
-0.242
-0.1
0.156
0.505
0.8
0.928
0.942
0.904
0.75
0.598
0.522
0.47
0.398
0.322
0.308
0.426
0.556
0.584
0.56
0.382
0.096
-0.2
-0.416
-0.424
-0.308
-0.172
-0.078
-0.04
-0.038
-0.042
-0.028
-0.004
0.012
0.032
0.064
0.08
0.082
0.038
-0.134
-0.38
-0.53
-0.346
-0.016
0.335
0.512
0.522
0.504
0.444
0.308
0.2
0.16
0.126
0.056
-0.026
-0.11
-0.224
-0.328
-0.416
-0.474
-0.52
-0.446
-0.38
-0.294
-0.168
-0.018
0.162
0.347
0.42
0.418
0.348
0.236
0.102
-0.032
-0.138
-0.14
-0.04
0.184
0.397
0.544
0.626
0.664
0.676
0.722
0.782
0.782
0.702
0.526
0.286
0.018
-0.162
-0.2
-0.222
-0.27
-0.314
-0.27
-0.208
-0.094
-0.068
-0.086
-0.19
-0.284
-0.282
-0.174
0.012
0.15
0.246
0.325
0.328
0.274
0.166
0.068
0.026
0.084
0.16
0.168
0.114
-0.02
-0.148
-0.142
0.004
0.148
0.212
0.21
0.118
0.016
-0.04
-0.096
-0.132
-0.226
-0.402
-0.594
-0.704
-0.612
-0.436
-0.292
-0.204
-0.182
-0.194
-0.246
-0.288
-0.196
-0.084
0.044
0.168
0.226
0.226
0.198
0.148
0.12
0.088
0.088
0.088
0.068
0.05
0.102
0.166
0.224
0.224
0.172
0.064
-0.036
-0.034
0.064
0.138
0.142
0.058
-0.14
-0.362
-0.56
-0.596
-0.45
-0.302
-0.16
-0.016
0.052
0.1
0.16
0.204
0.272
0.349
0.43
0.524
0.642
0.784
0.876
0.882
0.836
0.71
0.52
0.352
0.258
0.17
0.026
-0.172
-0.358
-0.54
-0.568
-0.448
-0.278
-0.076
0.11
0.178
0.174
0.12
-0.008
-0.198
-0.386
-0.554
-0.594
-0.426
-0.166
0.048
0.136
0.138
0.052
-0.156
-0.364
-0.426
-0.368
-0.272
-0.21
-0.208
-0.238
-0.304
-0.318
-0.288
-0.244
-0.234
-0.262
-0.338
-0.302
-0.17
-0.034
0.054
0.064
0.048
0.022
0.076
0.096
0.088
0.03
-0.064
-0.146
-0.032
0.136
0.252
0.288
0.278
0.164
-0.028
-0.058
-0.01
-0.008
-0.054
-0.17
-0.346
-0.382
-0.216
0.004
0.188
0.329
0.388
0.39
0.388
0.364
0.282
0.164
0.046
-0.064
-0.156
-0.204
-0.266
-0.326
-0.296
-0.18
-0.036
0.052
0.078
0.056
-0.028
-0.048
-0.034
-0.02
-0.022
-0.044
-0.124
-0.084
-0.02
0.014
0.016
-0.012
-0.066
-0.124
-0.082
-0.048
-0.02
-0.002
-0.002
-0.016
0.01
0.082
0.116
0.14
0.202
0.244
0.256
0.325
0.348
0.324
0.21
0.106
0.01
-0.098
-0.214
-0.306
-0.472
-0.614
-0.582
-0.484
-0.308
-0.09
0.05
0.13
0.194
0.234
0.274
0.333
0.38
0.386
0.378
0.344
0.302
0.302
0.408
0.506
0.532
0.532
0.498
0.372
0.192
0.096
0.088
0.072
0.064
0.006
-0.164
-0.3
-0.32
-0.186
-0.026
0.082
0.122
0.122
0.088
0.022
-0.084
-0.158
-0.22
-0.224
-0.172
-0.102
-0.066
-0.064
-0.074
-0.092
-0.15
-0.262
-0.36
-0.422
-0.408
-0.3
-0.19
-0.124
-0.096
-0.096
-0.148
-0.208
-0.232
-0.19
-0.114
-0.066
-0.066
-0.078
-0.046
0.008
0.09
0.184
0.264
0.313
0.442
0.604
0.814
1.046
1.216
1.24
1.17
0.916
0.56
0.19
-0.05
-0.2
-0.244
-0.326
-0.442
-0.49
-0.4
-0.22
-0.046
-0.002
-0.006
-0.06
-0.128
-0.142
-0.008
0.114
0.218
0.293
0.346
0.348
0.336
0.332
0.338
0.348
0.394
0.46
0.466
0.428
0.344
0.208
0.042
-0.018
0.044
0.118
0.204
0.214
0.186
0.194
0.242
0.276
0.313
0.322
0.318
0.328
0.386
0.424
0.422
0.36
0.256
0.168
0.156
0.22
0.234
0.216
0.128
0.02
-0.086
-0.19
-0.262
-0.35
-0.422
-0.46
-0.414
-0.368
-0.31
-0.294
-0.276
-0.196
-0.064
0.082
0.234
0.341
0.352
0.308
0.14
-0.126
-0.466
-0.802
-1.05
-1.116
-0.986
-0.746
-0.52
-0.352
-0.21
-0.092
0.03
0.192
0.307
0.326
0.342
0.436
0.548
0.622
0.65
0.628
0.426
0.182
-0.022
-0.186
-0.284
-0.27
-0.202
-0.072
0.06
0.138
0.15
0.156
0.176
0.174
0.184
0.182
0.132
-0.002
-0.162
-0.3
-0.352
-0.18
0.06
0.238
0.349
0.376
0.364
0.294
0.23
0.2
0.158
0.186
0.252
0.29
0.288
0.25
0.186
0.078
0.054
0.108
0.222
0.365
0.534
0.652
0.67
0.648
0.5
0.226
-0.04
-0.178
-0.18
-0.096
-0.09
-0.174
-0.37
-0.536
-0.61
-0.522
-0.416
-0.41
-0.478
-0.56
-0.458
-0.312
-0.198
-0.166
-0.182
-0.28
-0.284
-0.196
-0.108
-0.054
-0.05
-0.064
-0.082
-0.08
-0.082
-0.1
-0.132
-0.154
-0.23
-0.36
-0.472
-0.486
-0.3
0.006
0.274
0.463
0.596
0.626
0.632
0.658
0.666
0.652
0.606
0.572
0.568
0.548
0.526
0.478
0.294
0.022
-0.192
-0.294
-0.206
-0.072
-0.038
-0.062
-0.18
-0.33
-0.452
-0.488
-0.422
-0.374
-0.326
-0.22
-0.074
0.088
0.226
0.258
0.244
0.166
0.042
-0.1
-0.188
-0.162
-0.074
0.022
0.072
0.072
0.024
-0.04
-0.062
-0.062
-0.008
0.04
0.046
0.04
0.046
0.05
0.072
0.23
0.431
0.614
0.768
0.844
0.842
0.78
0.648
0.466
0.188
-0.08
-0.304
-0.446
-0.502
-0.5
-0.442
-0.34
-0.208
-0.104
-0.054
-0.054
-0.072
-0.092
-0.146
-0.18
-0.224
-0.284
-0.212
-0.15
-0.148
-0.19
-0.27
-0.408
-0.522
-0.5
-0.48
-0.486
-0.524
-0.55
-0.426
-0.186
