0.012
-0.15
-0.336
-0.514
-0.528
-0.324
-0.09
0.106
0.295
0.452
0.602
0.79
0.89
0.908
0.89
0.792
0.634
0.426
0.244
0.102
-0.052
-0.146
-0.148
0.004
0.185
0.454
0.624
0.66
0.648
0.558
0.424
0.262
0.164
0.118
0.056
0.09
0.11
0.11
0.1
0.082
0.044
0.054
0.132
0.225
0.322
0.366
0.364
0.316
0.294
0.28
0.238
0.156
0.004
-0.146
-0.252
-0.282
-0.274
-0.278
-0.278
-0.24
-0.21
-0.2
-0.204
-0.242
-0.326
-0.346
-0.304
-0.242
-0.19
-0.156
-0.12
-0.038
0.014
0.018
-0.016
-0.152
-0.324
-0.414
-0.274
-0.124
-0.008
0.036
0.036
0.018
0.024
0.024
-0.004
-0.07
-0.076
0.008
0.098
0.154
0.154
0.094
-0.054
-0.194
-0.262
-0.29
-0.316
-0.322
-0.326
-0.244
-0.166
-0.15
-0.162
-0.212
-0.288
-0.316
-0.16
0.018
0.134
0.156
0.148
0.088
-0.034
-0.142
-0.206
-0.198
-0.112
-0.02
0.028
0.032
-0.006
-0.092
-0.146
0.016
0.2
0.353
0.434
0.438
0.414
0.52
0.656
0.756
0.76
0.698
0.536
0.318
0.162
0.134
0.114
0.08
0.042
-0.038
-0.156
-0.214
-0.216
-0.136
0.008
0.116
0.126
0.07
-0.094
-0.296
-0.446
-0.346
-0.21
-0.158
-0.162
-0.242
-0.368
-0.388
-0.234
-0.052
0.068
0.106
0.106
0.062
-0.046
-0.134
-0.234
-0.318
-0.298
-0.184
-0.046
0.104
0.188
0.206
0.204
0.158
0.078
0.032
0.046
0.056
0.054
0.064
0.076
0.11
0.176
0.202
0.2
0.178
0.152
0.096
0.014
-0.036
0.038
0.19
0.413
0.5
0.496
0.392
0.168
-0.046
-0.202
-0.262
-0.272
-0.298
-0.218
-0.088
0.026
0.138
0.208
0.218
0.291
0.464
0.636
0.682
0.67
0.548
0.3
0.054
-0.056
-0.008
0.014
0.012
-0.032
-0.116
-0.218
-0.262
-0.332
-0.432
-0.516
-0.458
-0.314
-0.142
-0.062
-0.062
-0.096
-0.18
-0.236
-0.092
0.122
0.279
0.356
0.4
0.402
0.4
0.418
0.424
0.4
0.338
0.408
0.496
0.524
0.52
0.42
0.228
0.048
-0.05
-0.086
-0.07
-0.032
-0.018
-0.022
0.05
0.122
0.196
0.259
0.264
0.206
-0.002
-0.216
-0.35
-0.21
0.056
0.348
0.502
0.516
0.472
0.276
0.034
-0.164
-0.226
-0.19
-0.142
-0.122
-0.126
-0.114
-0.09
-0.092
-0.132
-0.23
-0.358
-0.472
-0.424
-0.286
-0.188
-0.162
-0.17
-0.254
-0.386
-0.46
-0.37
-0.192
0.012
0.14
0.206
0.219
0.216
0.178
0.26
0.382
0.49
0.514
0.506
0.432
0.288
0.15
0.046
-0.066
-0.162
-0.23
-0.266
-0.272
-0.21
-0.184
-0.136
-0.068
0.028
0.13
0.241
0.38
0.456
0.476
0.472
0.408
0.26
0.062
-0.094
-0.188
-0.126
-0.014
0.066
0.094
0.11
0.11
0.092
0.066
0.06
0.02
-0.05
-0.134
-0.184
-0.168
-0.16
-0.17
-0.27
-0.44
-0.596
-0.636
-0.506
-0.314
-0.168
-0.008
0.162
0.259
0.308
0.314
0.304
0.24
0.216
0.23
0.228
0.18
0.07
-0.068
-0.214
-0.316
-0.36
-0.392
-0.322
-0.148
0.02
0.102
0.112
0.064
-0.084
-0.288
-0.314
-0.216
-0.112
-0.09
-0.122
-0.218
-0.21
-0.07
0.082
0.223
0.284
0.306
0.358
0.42
0.478
0.488
0.48
0.398
0.282
0.224
0.262
0.31
0.322
0.322
0.314
0.282
0.286
0.268
0.134
-0.052
-0.218
-0.324
-0.374
-0.4
-0.458
-0.59
-0.684
-0.682
-0.678
-0.696
-0.736
-0.748
-0.54
-0.24
0.008
0.108
0.11
0.062
0.014
0.08
0.102
0.096
0.046
0.024
0.116
0.251
0.35
0.364
0.352
0.358
0.372
0.368
0.298
0.186
-0.046
-0.218
-0.3
-0.276
-0.276
-0.322
-0.376
-0.376
-0.246
-0.056
0.11
0.192
0.229
0.25
0.282
0.322
0.354
0.38
0.382
0.394
0.392
0.342
0.272
0.172
0.024
-0.084
-0.078
-0.018
0.014
0.018
0.008
0.05
0.269
0.564
0.768
0.798
0.75
0.518
0.216
0.032
0.116
0.236
0.336
0.416
0.532
0.694
0.828
0.888
0.886
0.836
0.728
0.556
0.374
0.184
-0.028
-0.162
-0.128
-0.084
-0.05
-0.046
-0.068
-0.144
-0.188
-0.216
-0.242
-0.262
-0.232
-0.17
-0.034
0.12
0.203
0.202
0.118
-0.092
-0.358
-0.566
-0.646
-0.652
-0.666
-0.756
-0.866
-0.974
-1.054
-1.104
-1.182
-1.144
-0.926
-0.628
-0.366
-0.258
-0.264
-0.398
-0.568
-0.692
-0.75
-0.714
-0.64
-0.454
-0.158
0.187
0.458
0.608
0.69
0.762
0.842
0.932
0.95
0.93
0.864
0.846
0.89
0.922
0.922
0.848
0.68
0.562
0.502
0.43
0.346
0.284
0.242
0.37
0.5
0.54
0.538
0.478
0.38
0.244
0.118
0.116
0.152
0.205
0.25
0.25
0.202
0.208
0.268
0.294
0.296
0.246
0.104
-0.102
-0.286
-0.406
-0.484
-0.41
-0.234
-0.076
-0.004
-0.004
-0.106
-0.342
-0.524
-0.632
-0.584
-0.496
-0.454
-0.432
-0.372
-0.314
-0.294
-0.282
-0.246
-0.186
-0.066
0.08
0.142
0.144
0.094
-0.05
-0.21
-0.354
-0.376
-0.33
-0.24
-0.062
0.136
0.265
0.32
0.318
0.202
-0.05
-0.306
-0.52
-0.634
-0.64
-0.558
-0.45
-0.338
-0.26
-0.246
-0.256
-0.242
-0.174
-0.088
0.0
0.01
-0.042
-0.214
-0.416
-0.512
-0.416
-0.242
-0.088
0.024
0.134
0.253
0.336
0.344
0.314
0.188
-0.004
-0.15
-0.216
-0.13
-0.014
0.04
0.038
-0.032
-0.168
-0.304
-0.294
-0.124
0.088
0.279
0.406
0.442
0.444
0.42
0.342
0.272
0.194
0.142
0.122
0.102
0.204
0.34
0.436
0.528
0.594
0.61
0.69
0.816
0.878
0.874
0.77
0.584
0.374
0.226
0.258
0.302
0.316
0.334
0.332
0.292
0.28
0.28
0.266
0.292
0.362
0.368
0.334
0.242
0.13
-0.012
-0.08
0.026
0.148
0.279
0.404
0.478
0.524
0.548
0.538
0.438
0.298
0.194
0.104
0.094
0.096
0.02
-0.178
-0.42
-0.626
-0.616
-0.42
-0.258
-0.186
-0.19
-0.242
-0.188
-0.072
0.04
0.048
-0.012
-0.152
-0.232
-0.172
-0.05
0.03
0.03
-0.048
-0.136
-0.19
-0.194
-0.182
-0.188
-0.258
-0.356
-0.434
-0.458
-0.458
-0.482
-0.546
-0.608
-0.6
-0.536
-0.526
-0.568
-0.716
-0.808
-0.712
-0.508
-0.338
-0.26
-0.236
-0.214
-0.18
-0.132
-0.066
-0.032
0.04
0.181
0.358
0.554
0.736
0.79
0.776
0.68
0.534
0.358
0.202
0.138
0.142
0.154
0.168
0.16
0.074
-0.052
-0.18
-0.234
-0.17
-0.036
0.106
0.215
0.268
0.28
0.248
0.11
-0.012
-0.092
-0.12
-0.018
0.126
0.314
0.56
0.746
0.842
0.868
0.854
0.762
0.626
0.464
0.254
0.04
-0.048
0.128
0.363
0.52
0.582
0.576
0.456
0.286
0.138
-0.02
-0.146
-0.216
-0.304
-0.434
-0.56
-0.686
-0.664
-0.434
-0.208
-0.098
-0.094
-0.146
-0.29
-0.338
-0.218
-0.106
-0.076
-0.078
-0.102
-0.142
-0.154
-0.16
-0.136
-0.042
0.124
0.247
0.256
0.218
0.05
-0.194
-0.34
-0.224
-0.11
-0.052
-0.036
-0.04
-0.008
0.088
0.13
0.118
0.016
-0.082
-0.056
0.11
0.281
0.368
0.37
0.338
0.342
0.342
0.32
0.282
0.16
-0.012
-0.104
-0.012
0.168
0.371
0.462
0.468
0.436
0.338
