0.18
0.2
0.208
0.208
0.2
0.186
0.174
0.17
0.178
0.186
0.188
0.186
0.172
0.148
0.112
0.076
0.044
0.02
0.004
-0.002
-0.002
-0.002
-0.006
-0.016
-0.034
-0.058
-0.088
-0.116
-0.138
-0.154
-0.166
-0.18
-0.2
-0.226
-0.258
-0.284
-0.302
-0.284
-0.244
-0.19
-0.128
-0.064
-0.006
0.048
0.098
0.148
0.196
0.242
0.278
0.3
0.306
0.304
0.288
0.264
0.236
0.212
0.194
0.19
0.2
0.218
0.246
0.27
0.276
0.268
0.192
-0.002
-0.358
-0.892
-1.58
-2.34
-3.05
-3.552
-3.508
-2.862
-1.856
-0.666
0.484
1.392
1.932
2.086
2.076
1.876
1.532
1.18
0.916
0.772
0.744
0.77
0.778
0.772
0.734
0.67
0.6
0.54
0.504
0.494
0.502
0.506
0.506
0.494
0.468
0.432
0.39
0.346
0.306
0.268
0.232
0.198
0.16
0.122
0.086
0.05
0.018
-0.01
-0.044
-0.09
-0.148
-0.22
-0.302
-0.388
-0.468
-0.54
-0.6
-0.648
-0.684
-0.708
-0.708
-0.676
-0.612
-0.512
-0.38
-0.22
-0.046
0.126
0.282
0.406
0.49
0.532
0.542
0.54
0.522
0.496
0.47
0.448
0.428
0.408
0.382
0.352
0.318
0.288
0.266
0.264
0.284
0.314
0.344
0.368
0.38
0.38
0.374
0.356
0.328
0.294
0.254
0.204
0.148
0.084
0.014
-0.054
-0.118
-0.172
-0.214
-0.24
-0.254
-0.254
-0.246
-0.24
-0.236
-0.234
-0.23
-0.224
-0.214
-0.196
-0.172
-0.138
-0.096
-0.052
-0.008
0.026
0.042
0.046
0.042
0.026
0.004
-0.016
-0.034
-0.048
-0.058
-0.068
-0.076
-0.078
-0.074
-0.066
-0.06
-0.06
-0.06
-0.07
-0.088
-0.114
-0.148
-0.188
-0.234
-0.282
-0.334
-0.386
-0.44
-0.488
-0.53
-0.564
-0.588
-0.598
-0.582
-0.548
-0.494
-0.42
-0.334
-0.242
-0.156
-0.086
-0.038
-0.01
0.0
0.0
0.0
0.0
-0.002
-0.002
-0.01
-0.026
-0.05
-0.078
-0.104
-0.128
-0.142
-0.122
-0.076
-0.012
0.05
0.076
0.072
-0.018
-0.26
-0.686
-1.288
-2.014
-2.748
-3.342
-3.564
-3.052
-2.108
-0.88
0.41
1.528
2.296
2.638
2.658
2.534
2.166
1.706
1.286
0.99
0.838
0.83
0.882
0.92
0.926
0.918
0.876
0.81
0.734
0.664
0.604
0.56
0.53
0.51
0.496
0.48
0.46
0.436
0.404
0.368
0.326
0.284
0.242
0.206
0.178
0.154
0.134
0.108
0.076
0.028
-0.03
-0.104
-0.188
-0.274
-0.362
-0.446
-0.52
-0.586
-0.638
-0.67
-0.66
-0.61
-0.532
-0.428
-0.308
-0.182
-0.056
0.06
0.168
0.262
0.34
0.4
0.442
0.468
0.482
0.49
0.498
0.508
0.522
0.536
0.542
0.542
0.538
0.52
0.488
0.448
0.404
0.358
0.316
0.282
0.26
0.246
0.238
0.226
0.204
0.168
0.116
0.056
-0.002
-0.046
-0.072
-0.076
-0.064
-0.054
-0.05
-0.05
-0.052
-0.044
-0.022
0.012
0.056
0.096
0.122
0.126
0.122
0.096
0.052
0.004
-0.034
-0.056
-0.044
-0.01
0.032
0.078
0.122
0.162
0.202
0.24
0.284
0.332
0.38
0.43
0.474
0.51
0.542
0.566
0.584
0.596
0.598
0.596
0.582
0.556
0.516
0.47
0.414
0.356
0.292
0.224
0.152
0.07
-0.02
-0.122
-0.228
-0.332
-0.422
-0.488
-0.522
-0.504
-0.464
-0.412
-0.36
-0.312
-0.27
-0.232
-0.196
-0.16
-0.124
-0.092
-0.064
-0.042
-0.03
-0.024
-0.024
-0.02
-0.01
0.006
0.032
0.064
0.1
0.146
0.204
0.27
0.334
0.358
0.354
0.264
0.018
-0.42
-1.048
-1.806
-2.574
-3.19
-3.386
-2.81
-1.774
-0.444
0.936
2.106
2.864
3.124
3.118
2.842
2.284
1.63
1.04
0.616
0.388
0.346
0.408
0.454
0.464
0.456
0.416
0.36
0.312
0.286
0.292
0.304
0.306
0.3
0.278
0.232
0.17
0.094
0.01
-0.08
-0.168
-0.244
-0.306
-0.348
-0.376
-0.394
-0.408
-0.422
-0.44
-0.46
-0.482
-0.506
-0.532
-0.562
-0.596
-0.63
-0.662
-0.692
-0.72
-0.744
-0.764
-0.766
-0.732
-0.668
-0.57
-0.448
-0.316
-0.186
-0.074
0.02
0.094
0.152
0.202
0.24
0.27
0.286
0.292
0.294
0.296
0.304
0.318
0.332
0.344
0.346
0.342
0.328
0.298
0.256
0.212
0.168
0.13
0.104
0.086
0.074
0.06
0.038
0.008
-0.028
-0.072
-0.112
-0.146
-0.168
-0.174
-0.162
-0.14
-0.116
-0.092
-0.07
-0.05
-0.032
-0.012
0.004
0.02
0.03
0.032
0.032
0.018
-0.008
-0.046
-0.09
-0.136
-0.178
-0.208
-0.226
-0.228
-0.222
-0.216
-0.214
-0.216
-0.226
-0.242
-0.262
-0.28
-0.292
-0.298
-0.29
-0.278
-0.262
-0.252
-0.25
-0.252
-0.27
-0.308
-0.36
-0.418
-0.472
-0.51
-0.524
-0.504
-0.478
-0.46
-0.458
-0.462
-0.486
-0.518
-0.546
-0.544
-0.504
-0.438
-0.354
-0.266
-0.18
-0.112
-0.06
-0.028
-0.008
0.004
0.02
0.04
0.062
0.084
0.102
0.116
0.124
0.13
0.132
0.13
0.122
0.106
0.088
0.076
0.084
0.09
0.088
0.044
-0.102
-0.404
-0.896
-1.564
-2.34
-3.098
-3.674
-3.762
-3.15
-2.124
-0.858
0.414
1.464
2.134
2.376
2.376
2.184
1.784
1.326
0.932
0.67
0.548
0.578
0.648
0.706
0.732
0.732
0.72
0.686
0.646
0.614
0.594
0.586
0.584
0.58
0.566
0.54
0.508
0.468
0.43
0.398
0.378
0.376
0.388
0.402
0.414
0.414
0.412
0.394
0.362
0.312
0.244
0.16
0.066
-0.036
-0.138
-0.232
-0.32
-0.396
-0.462
-0.52
-0.564
-0.59
-0.56
-0.488
-0.372
-0.22
-0.044
0.134
0.304
0.45
0.562
0.636
0.676
0.686
0.684
0.67
0.644
0.618
0.598
0.586
0.578
0.572
0.56
0.538
0.508
0.476
0.452
0.438
0.432
0.43
0.424
0.406
0.372
0.326
0.27
0.212
0.158
0.112
0.078
0.052
0.03
0.012
-0.006
-0.022
-0.04
-0.058
-0.072
-0.084
-0.092
-0.09
-0.08
-0.064
-0.042
-0.014
0.016
0.05
0.078
0.098
0.11
0.112
0.11
0.106
0.098
0.092
0.09
0.088
0.088
0.086
0.08
0.068
0.052
0.036
0.016
-0.008
-0.038
-0.074
-0.116
-0.156
-0.188
-0.208
-0.216
-0.216
-0.218
-0.222
-0.234
-0.252
-0.268
-0.28
-0.284
-0.284
-0.286
-0.298
-0.318
-0.346
-0.372
-0.386
-0.364
-0.318
-0.254
-0.182
-0.112
-0.048
0.004
0.046
0.082
0.112
0.14
0.162
0.178
0.186
0.188
0.186
0.176
0.16
0.138
0.116
0.094
0.08
0.09
0.122
0.172
0.23
0.272
0.274
0.24
0.082
-0.246
-0.776
-1.49
-2.314
-3.116
-3.732
-3.864
-3.26
-2.236
-0.972
0.29
1.332
2.0
2.258
2.264
2.118
1.788
1.418
1.118
0.932
0.86
0.872
0.88
0.876
0.842
0.776
0.694
0.62
0.57
0.558
0.58
0.604
0.614
0.614
0.6
0.566
0.518
0.464
0.412
0.36
0.312
0.268
0.232
0.204
0.186
0.174
0.16
0.136
0.09
0.022
-0.064
-0.16
-0.254
-0.338
-0.406
-0.462
-0.514
-0.576
-0.648
-0.732
-0.81
-0.872
-0.878
-0.808
-0.688
-0.532
-0.356
-0.182
-0.03
0.086
0.166
0.212
0.234
0.244
0.252
0.262
0.282
0.306
0.33
0.346
0.348
0.342
0.306
0.232
0.112
-0.054
-0.264
-0.496
-0.73
-0.936
-1.094
-1.188
-1.18
-1.086
-0.938
-0.746
-0.526
-0.294
-0.074
0.118
0.262
0.348
0.378
0.378
0.356
0.31
0.26
0.224
0.222
0.254
0.302
0.358
0.414
0.466
0.51
0.542
0.56
0.566
0.564
0.554
0.534
0.506
0.478
0.452
0.43
0.418
0.42
0.436
0.462
0.494
0.53
0.56
0.578
0.582
0.58
0.56
0.526
0.482
0.434
0.386
0.34
0.292
0.246
0.2
0.156
0.12
0.094
0.082
0.082
0.084
0.08
0.064
0.032
-0.01
-0.056
-0.094
-0.102
-0.07
-0.018
0.042
0.102
0.152
0.192
0.222
0.242
0.254
0.262
0.268
0.27
0.27
0.27
0.27
0.264
0.258
0.246
0.232
0.218
0.212
0.226
0.258
0.298
0.33
0.332
0.304
0.17
-0.116
-0.592
-1.252
-2.04
-2.85
-3.522
-3.864
-3.378
